24 30 
24.6213 33.9515 
25.259 37.9003 
25.9134 41.8464 
26.5843 45.7897 
27.2718 49.7302 
27.9759 53.6678 
28.6966 57.6023 
29.4338 61.5338 
30.1878 65.4621 
30.9583 69.3872 
31.7455 73.3089 
32.5494 77.2273 
33.3699 81.1423 
34.2071 85.0537 
35.0609 88.9615 
35.9315 92.8656 
36.8187 96.766 
37.7227 100.662 
38.6433 104.555 
39.5806 108.444 
40.5347 112.328 
41.5054 116.209 
42.4929 120.085 
43.4971 123.957 
44.518 127.824 
45.5556 131.687 
46.6099 135.546 
47.681 139.4 
48.7687 143.249 
49.8732 147.094 
50.9943 150.933 
52.1322 154.768 
53.2868 158.598 
54.458 162.422 
55.646 166.242 
56.8506 170.056 
58.0719 173.865 
59.3099 177.669 
60.5645 181.467 
61.8358 185.26 
63.1237 189.047 
64.4283 192.828 
65.7494 196.603 
67.0872 200.373 
68.4415 204.137 
69.8125 207.895 
71.2 211.646 
72.6041 215.392 
74.0247 219.131 
75.4618 222.864 
76.9154 226.59 
78.3855 230.31 
79.872 234.024 
81.375 237.731 
82.8945 241.431 
84.4303 245.124 
85.9825 248.811 
87.5512 252.491 
89.2344 256.119 
91.0461 259.685 
93.0028 263.174 
95.1247 266.565 
97.4369 269.829 
94.3414 272.362 
91.8947 275.527 
90.2246 279.161 
89.3905 283.073 
89.3815 287.073 
93.3102 286.322 
94.277 290.203 
95.9451 293.839 
99.258 291.597 
101.597 294.842 
104.445 292.033 
107.305 294.829 
109.667 291.601 
112.912 293.94 
114.804 290.415 
118.324 292.314 
119.777 288.587 
121.267 284.875 
124.964 286.402 
126.024 282.545 
129.861 283.673 
130.537 279.731 
134.462 280.503 
134.796 276.517 
138.77 276.971 
138.8 272.972 
142.797 273.143 
146.789 272.903 
146.185 268.949 
150.161 268.514 
149.367 264.593 
153.32 263.982 
152.352 260.101 
156.276 259.328 
160.114 258.2 
158.672 254.469 
162.477 253.236 
166.164 251.683 
164.329 248.129 
167.987 246.511 
171.501 244.6 
169.331 241.24 
172.825 239.293 
176.151 237.072 
179.303 234.608 
176.622 231.639 
179.772 229.175 
182.723 226.474 
185.468 223.565 
188 220.468 
190.312 217.204 
192.398 213.791 
194.25 210.246 
195.86 206.584 
197.217 202.821 
198.31 198.973 
199.127 195.058 
199.651 191.092 
199.865 187.098 
199.749 183.1 
199.28 179.127 
198.429 175.219 
197.166 171.423 
195.458 167.806 
193.27 164.458 
190.573 161.503 
187.361 159.12 
183.683 157.549 
179.708 157.095 
175.823 158.045 
172.636 160.463 
170.746 163.989 
170.389 167.973 
171.401 171.842 
173.457 175.273 
176.245 178.141 
179.525 180.431 
183.127 182.172 
186.929 183.412 
187.718 179.491 
191.621 180.367 
192.06 176.391 
196.022 176.941 
196.15 172.943 
200.141 173.204 
199.991 169.207 
203.991 169.208 
207.971 168.809 
207.218 164.88 
211.177 164.304 
210.25 160.413 
214.181 159.675 
213.093 155.825 
216.994 154.94 
220.798 153.704 
219.254 150.014 
223.026 148.683 
226.671 147.037 
224.745 143.531 
228.364 141.826 
231.831 139.831 
235.137 137.579 
232.655 134.442 
235.951 132.177 
239.064 129.665 
241.986 126.933 
239.058 124.208 
241.991 121.488 
244.706 118.551 
247.197 115.421 
249.457 112.12 
251.079 108.464 
251.929 104.555 
251.9 100.556 
250.94 96.6726 
249.079 93.1317 
246.435 90.1298 
243.184 87.7995 
239.519 86.198 
235.617 85.3188 
235.412 89.3135 
231.412 89.2573 
231.997 93.2144 
228.055 93.898 
229.318 97.6935 
225.54 99.0079 
227.363 102.568 
223.809 104.403 
226.083 107.694 
222.781 109.95 
225.416 112.96 
228.012 116.003 
224.936 118.559 
227.845 121.304 
225.042 124.157 
228.196 126.617 
225.653 129.705 
228.999 131.897 
226.701 135.171 
230.199 137.112 
228.129 140.535 
226.42 144.152 
230.177 145.525 
228.638 149.218 
232.455 150.415 
231.076 154.17 
230.044 158.035 
233.98 158.746 
233.061 162.639 
237.018 163.227 
236.206 167.144 
235.735 171.116 
239.732 171.271 
239.331 175.251 
239.261 179.25 
239.498 183.243 
243.464 182.719 
243.721 186.711 
244.285 190.671 
245.137 194.579 
248.977 193.457 
249.816 197.368 
250.952 201.203 
252.369 204.944 
254.05 208.574 
255.983 212.076 
258.155 215.434 
260.558 218.632 
263.182 221.651 
266.018 224.472 
269.056 227.073 
272.289 229.429 
275.705 231.511 
279.291 233.283 
283.029 234.706 
286.896 235.728 
290.857 236.29 
294.857 236.318 
298.812 235.723 
302.589 234.406 
305.973 232.272 
308.63 229.283 
310.111 225.567 
309.985 221.569 
308.16 218.01 
305.039 215.509 
301.231 214.284 
297.231 214.235 
293.336 215.145 
289.695 216.802 
286.375 219.032 
283.394 221.7 
286.399 224.341 
283.69 227.284 
286.921 229.643 
284.469 232.804 
282.375 236.211 
285.967 237.971 
284.074 241.494 
287.759 243.048 
286.053 246.666 
289.813 248.029 
288.281 251.724 
292.102 252.908 
290.731 256.666 
289.715 260.535 
293.656 261.222 
292.754 265.119 
292.19 269.079 
296.183 269.33 
295.695 273.3 
295.534 277.297 
299.532 277.154 
299.417 281.153 
299.624 285.147 
300.129 289.115 
304.051 288.33 
304.561 292.298 
305.374 296.214 
306.471 300.061 
307.836 303.821 
309.454 307.479 
311.315 311.02 
314.724 308.928 
316.549 312.487 
318.64 315.898 
320.983 319.14 
323.839 321.94 
326.193 318.707 
329.444 321.037 
331.315 317.502 
334.846 319.382 
336.268 315.643 
339.991 317.106 
341.007 313.237 
344.857 314.322 
345.508 310.375 
349.438 311.12 
349.763 307.134 
353.738 307.575 
353.772 303.575 
357.768 303.743 
357.54 299.75 
361.54 299.675 
361.077 295.702 
365.066 295.407 
364.391 291.465 
368.361 290.973 
372.265 290.105 
371.066 286.289 
374.939 285.29 
378.711 283.958 
377.083 280.304 
380.824 278.887 
384.435 277.167 
382.446 273.696 
386.033 271.925 
389.466 269.873 
387.166 266.601 
390.584 264.523 
393.826 262.18 
396.885 259.603 
399.754 256.816 
396.778 254.142 
399.66 251.368 
402.325 248.385 
404.767 245.217 
406.979 241.884 
408.952 238.405 
410.68 234.797 
412.15 231.077 
413.353 227.262 
414.275 223.37 
414.9 219.419 
415.211 215.431 
415.187 211.431 
414.804 207.45 
414.033 203.525 
412.843 199.706 
411.198 196.06 
409.061 192.679 
406.401 189.691 
403.209 187.28 
399.534 185.701 
395.557 185.275 
391.69 186.299 
388.585 188.82 
386.848 192.423 
386.677 196.42 
387.866 200.239 
390.066 203.579 
392.965 206.336 
396.325 208.505 
399.983 210.125 
403.822 211.247 
404.496 207.304 
408.421 208.073 
408.757 204.087 
412.731 204.542 
412.767 200.542 
416.763 200.717 
416.529 196.724 
420.529 196.648 
424.5 196.174 
423.675 192.26 
427.623 191.615 
426.629 187.741 
430.548 186.941 
434.379 185.792 
432.922 182.067 
436.722 180.816 
440.403 179.251 
438.56 175.701 
442.214 174.072 
445.725 172.155 
443.552 168.797 
447.042 166.844 
450.368 164.621 
453.52 162.159 
450.843 159.187 
453.994 156.723 
456.948 154.026 
459.699 151.122 
462.24 148.033 
464.565 144.778 
461.162 142.676 
463.518 139.443 
465.622 136.041 
467.463 132.49 
469.032 128.811 
470.316 125.023 
471.301 121.146 
471.969 117.202 
472.299 113.215 
472.269 109.216 
471.851 105.238 
471.01 101.327 
469.711 97.5438 
467.911 93.9718 
465.569 90.7287 
462.658 87.9853 
459.193 85.988 
455.299 85.0709 
451.321 85.4885 
447.583 86.9136 
444.215 89.0711 
441.253 91.7589 
438.693 94.8328 
436.518 98.1898 
434.704 101.755 
438.421 103.232 
436.787 106.883 
440.572 108.176 
439.105 111.897 
442.945 113.017 
441.634 116.796 
440.677 120.68 
444.627 121.311 
443.778 125.22 
443.267 129.187 
447.262 129.386 
446.822 133.362 
446.71 137.36 
450.705 137.169 
450.636 141.169 
450.888 145.161 
451.439 149.123 
455.352 148.291 
455.904 152.253 
456.762 156.16 
457.905 159.993 
459.317 163.736 
460.984 167.372 
462.893 170.886 
465.035 174.265 
467.4 177.491 
469.979 180.549 
472.764 183.42 
475.746 186.085 
478.918 188.522 
482.27 190.705 
485.791 192.603 
489.467 194.181 
493.278 195.396 
497.197 196.197 
501.184 196.521 
505.177 196.293 
509.082 195.426 
512.748 193.825 
515.937 191.411 
518.299 188.182 
519.39 184.334 
518.854 180.37 
516.714 176.991 
513.422 174.717 
509.557 173.689 
505.558 173.78 
501.686 174.783 
498.071 176.497 
494.772 178.759 
491.807 181.443 
494.818 184.077 
492.117 187.027 
495.347 189.386 
492.898 192.549 
496.302 194.65 
494.089 197.982 
497.63 199.842 
495.636 203.31 
493.998 206.959 
497.779 208.265 
496.305 211.984 
500.14 213.121 
498.82 216.896 
502.698 217.874 
501.52 221.696 
500.693 225.61 
504.662 226.112 
503.933 230.045 
503.541 234.026 
507.54 234.106 
507.211 238.093 
507.209 242.093 
507.511 246.081 
511.468 245.496 
511.786 249.483 
512.409 253.434 
513.318 257.33 
517.141 256.152 
518.034 260.052 
519.223 263.87 
520.692 267.591 
522.425 271.196 
524.409 274.669 
526.633 277.994 
529.087 281.153 
