51 201.732
52 203.464
53 205.196
54 206.928
55 208.66
56 210.392
57 212.124
58 213.856
59 215.588
60 217.321
61 219.053
62 220.785
63 222.517
64 224.249
65 225.981
66 227.713
67 229.445
68 231.177
69 232.909
70 234.641
71 236.373
72 238.105
73 239.837
74 241.569
75 243.301
76 245.033
77 246.765
78 248.497
79 250.229
80 251.962
81 253.694
82 255.426
83 257.158
84 258.89
85 260.622
86 262.354
87 264.086
88 265.818
89 267.55
90 269.282
91 271.014
92 272.746
93 274.478
94 276.21
95 277.942
96 279.674
97 281.406
98 283.138
99 284.87
100 286.603
101 288.335
102 290.067
103 291.799
104 293.531
105 295.263
106 296.995
107 298.727
108 300.459
109 298.727
110 296.995
111 295.263
112 293.531
113 291.799
114 290.067
115 288.335
116 286.603
117 284.87
118 283.138
119 281.406
120 279.674
121 277.942
122 276.21
123 274.478
124 272.746
125 271.014
126 269.282
127 267.55
128 265.818
129 264.086
130 262.354
131 260.622
132 258.89
133 257.158
134 255.426
135 253.694
136 251.962
137 250.229
138 248.497
139 246.765
140 245.033
141 243.301
142 241.569
143 239.837
144 238.105
145 236.373
146 234.641
147 232.909
148 231.177
149 229.445
150 227.713
151 225.981
152 224.249
153 222.517
154 220.785
155 219.053
156 217.321
157 215.588
158 213.856
159 212.124
160 210.392
161 208.66
162 206.928
163 205.196
164 203.464
165 201.732
166 200
167 198.268
168 196.536
169 194.804
170 193.072
171 191.34
172 189.608
173 187.876
174 186.144
175 184.412
176 182.679
177 180.947
178 179.215
179 177.483
180 175.751
181 174.019
182 172.287
183 170.555
184 168.823
185 167.091
186 165.359
187 163.627
188 161.895
189 160.163
190 158.431
191 156.699
192 154.967
193 153.235
194 151.503
195 149.771
196 148.038
197 146.306
198 144.574
199 142.842
200 141.11
201 139.378
202 137.646
203 135.914
204 134.182
205 132.45
206 130.718
207 128.986
208 127.254
209 125.522
210 123.79
211 122.058
212 120.326
213 118.594
214 116.862
215 115.13
216 113.397
217 111.665
218 109.933
219 108.201
220 106.469
221 104.737
222 103.005
223 101.273
224 99.5411
225 101.273
226 103.005
227 104.737
228 106.469
229 108.201
230 109.933
231 111.665
232 113.397
233 115.13
234 116.862
235 118.594
236 120.326
237 122.058
238 123.79
239 125.522
240 127.254
241 128.986
242 130.718
243 132.45
244 134.182
245 135.914
246 137.646
247 139.378
248 141.11
249 142.842
250 144.574
251 146.306
252 148.038
253 149.771
254 151.503
255 153.235
256 154.967
257 156.699
258 158.431
259 160.163
260 161.895
261 163.627
262 165.359
263 167.091
264 168.823
265 170.555
266 172.287
267 174.019
268 175.751
269 177.483
270 179.215
271 180.947
272 182.679
273 184.412
274 186.144
275 187.876
276 189.608
277 191.34
278 193.072
279 194.804
280 196.536
281 198.268
282 200
283 201.732
284 203.464
285 205.196
286 206.928
287 208.66
288 210.392
289 212.124
290 213.856
291 215.588
292 217.321
293 219.053
294 220.785
295 222.517
296 224.249
297 225.981
298 227.713
299 229.445
300 231.177
301 232.909
302 234.641
303 236.373
304 238.105
305 239.837
306 241.569
307 243.301
308 245.033
309 246.765
310 248.497
311 250.229
312 251.962
313 253.694
314 255.426
315 257.158
316 258.89
317 260.622
318 262.354
319 264.086
320 265.818
321 267.55
322 269.282
323 271.014
324 272.746
325 274.478
326 276.21
327 277.942
328 279.674
329 281.406
330 283.138
331 284.87
332 286.603
333 288.335
334 290.067
335 291.799
336 293.531
337 295.263
338 296.995
339 298.727
340 300.459
341 298.727
342 296.995
343 295.263
344 293.531
345 291.799
346 290.067
347 288.335
348 286.603
349 284.87
350 283.138
351 281.406
352 279.674
353 277.942
354 276.21
355 274.478
356 272.746
357 271.014
358 269.282
359 267.55
360 265.818
361 264.086
362 262.354
363 260.622
364 258.89
365 257.158
366 255.426
367 253.694
368 251.962
369 250.229
370 248.497
371 246.765
372 245.033
373 243.301
374 241.569
375 239.837
376 238.105
377 236.373
378 234.641
379 232.909
380 231.177
381 229.445
382 227.713
383 225.981
384 224.249
385 222.517
386 220.785
387 219.053
388 217.321
389 215.588
390 213.856
391 212.124
392 210.392
393 208.66
394 206.928
395 205.196
396 203.464
397 201.732
398 200
399 198.268
400 196.536
401 194.804
402 193.072
403 191.34
404 189.608
405 187.876
406 186.144
407 184.412
408 182.679
409 180.947
410 179.215
411 177.483
412 175.751
413 174.019
414 172.287
415 170.555
416 168.823
417 167.091
418 165.359
419 163.627
420 161.895
421 160.163
422 158.431
423 156.699
424 154.967
425 153.235
426 151.503
427 149.771
428 148.038
429 146.306
430 144.574
431 142.842
432 141.11
433 139.378
434 137.646
435 135.914
436 134.182
437 132.45
438 130.718
439 128.986
440 127.254
441 125.522
442 123.79
443 122.058
444 120.326
445 118.594
446 116.862
447 115.13
448 113.397
449 111.665
450 109.933
451 108.201
452 106.469
453 104.737
454 103.005
455 101.273
456 99.5411
457 101.273
458 103.005
459 104.737
460 106.469
461 108.201
462 109.933
463 111.665
464 113.397
465 115.13
466 116.862
467 118.594
468 120.326
469 122.058
470 123.79
471 125.522
472 127.254
473 128.986
474 130.718
475 132.45
476 134.182
477 135.914
478 137.646
479 139.378
480 141.11
481 142.842
482 144.574
483 146.306
484 148.038
485 149.771
486 151.503
487 153.235
488 154.967
489 156.699
490 158.431
491 160.163
492 161.895
493 163.627
494 165.359
495 167.091
496 168.823
497 170.555
498 172.287
499 174.019
500 175.751
501 177.483
502 179.215
503 180.947
504 182.679
505 184.412
506 186.144
507 187.876
508 189.608
509 191.34
510 193.072
511 194.804
512 196.536
513 198.268
514 200
515 201.732
516 203.464
517 205.196
518 206.928
519 208.66
520 210.392
521 212.124
522 213.856
523 215.588
524 217.321
525 219.053
526 220.785
527 222.517
528 224.249
529 225.981
530 227.713
531 229.445
532 231.177
533 232.909
534 234.641
535 236.373
536 238.105
537 239.837
538 241.569
539 243.301
540 245.033
541 246.765
542 248.497
543 250.229
544 251.962
545 253.694
546 255.426
547 257.158
548 258.89
549 260.622
550 262.354
