51 201.732
52 203.464
53 205.196
54 206.928
55 208.66
56 210.392
57 212.124
58 213.856
59 215.588
60 217.321
61 219.053
62 220.785
63 222.517
64 224.249
65 225.981
66 227.713
67 229.445
68 231.177
69 232.909
70 234.641
71 236.373
72 238.105
73 239.837
74 241.569
75 243.301
76 245.033
77 246.765
78 248.497
79 250.229
80 251.962
81 253.694
82 255.426
83 257.158
84 258.89
85 260.622
86 262.354
87 264.086
88 265.818
89 267.55
90 269.282
91 271.014
92 272.746
93 274.478
94 276.21
95 277.942
96 279.674
97 281.406
98 283.138
99 284.87
100 286.603
101 288.335
102 290.067
103 291.799
104 293.531
105 295.263
106 296.995
107 298.727
108 300.459
109 298.727
110 296.995
111 295.263
112 293.531
113 291.799
114 290.067
115 288.335
116 286.603
117 284.87
118 283.138
119 281.406
120 279.674
121 277.942
122 276.21
123 274.478
124 272.746
125 271.014
126 269.282
127 267.55
128 265.818
129 264.086
130 262.354
131 260.622
132 258.89
133 257.158
134 255.426
135 253.694
136 251.962
137 250.229
138 248.497
139 246.765
140 245.033
141 243.301
142 241.569
143 239.837
144 238.105
145 236.373
146 234.641
147 232.909
148 231.177
149 229.445
150 227.713
151 225.981
152 224.249
153 222.517
154 220.785
155 219.053
156 217.321
157 215.588
158 213.856
159 212.124
160 210.392
161 208.66
162 206.928
163 205.196
164 203.464
165 201.732
166 200
167 198.268
168 196.536
169 194.804
170 193.072
171 191.34
172 189.608
173 187.876
174 186.144
175 184.412
176 182.679
177 180.947
178 179.215
179 177.483
180 175.751
181 174.019
182 172.287
183 170.555
184 168.823
185 167.091
186 165.359
187 163.627
188 161.895
189 160.163
190 158.431
191 156.699
192 154.967
193 153.235
194 151.503
195 149.771
196 148.038
197 146.306
198 144.574
199 142.842
200 141.11
201 139.378
202 137.646
203 135.914
204 134.182
205 132.45
206 130.718
207 128.986
208 127.254
209 125.522
210 123.79
211 122.058
212 120.326
213 118.594
214 116.862
215 115.13
216 113.397
217 111.665
218 109.933
219 108.201
220 106.469
221 104.737
222 103.005
223 101.273
224 99.5411
225 101.273
226 103.005
227 104.737
228 106.469
229 108.201
230 109.933
231 111.665
232 113.397
233 115.13
234 116.862
235 118.594
236 120.326
237 122.058
238 123.79
239 125.522
240 127.254
241 128.986
242 130.718
243 132.45
244 134.182
245 135.914
246 137.646
247 139.378
248 141.11
249 142.842
250 144.574
251 146.306
252 148.038
253 149.771
254 151.503
255 153.235
256 154.967
257 156.699
258 158.431
259 160.163
260 161.895
261 163.627
262 165.359
263 167.091
264 168.823
265 170.555
266 172.287
267 174.019
268 175.751
269 177.483
270 179.215
271 180.947
272 182.679
273 184.412
274 186.144
275 187.876
276 189.608
277 191.34
278 193.072
279 194.804
280 196.536
281 198.268
282 200
283 201.732
284 203.464
285 205.196
286 206.928
287 208.66
288 210.392
289 212.124
290 213.856
291 215.588
292 217.321
293 219.053
294 220.785
295 222.517
296 224.249
297 225.981
298 227.713
299 229.445
300 231.177
301 232.909
302 234.641
303 236.373
304 238.105
305 239.837
306 241.569
307 243.301
308 245.033
309 246.765
310 248.497
311 250.229
312 251.962
313 253.694
314 255.426
315 257.158
316 258.89
317 260.622
318 262.354
319 264.086
320 265.818
321 267.55
322 269.282
323 271.014
324 272.746
325 274.478
326 276.21
327 277.942
328 279.674
329 281.406
330 283.138
331 284.87
332 286.603
333 288.335
334 290.067
335 291.799
336 293.531
337 295.263
338 296.995
339 298.727
340 300.459
341 298.727
342 296.995
343 295.263
344 293.531
345 291.799
346 290.067
347 288.335
348 286.603
349 284.87
350 283.138
351 281.406
352 279.674
353 277.942
354 276.21
355 274.478
356 272.746
357 271.014
358 269.282
359 267.55
360 265.818
361 264.086
362 262.354
363 260.622
364 258.89
365 257.158
366 255.426
367 253.694
368 251.962
369 250.229
370 248.497
371 246.765
372 245.033
373 243.301
374 241.569
375 239.837
376 238.105
377 236.373
378 234.641
379 232.909
380 231.177
381 229.445
382 227.713
383 225.981
384 224.249
385 222.517
386 220.785
387 219.053
388 217.321
389 215.588
390 213.856
391 212.124
392 210.392
393 208.66
394 206.928
395 205.196
396 203.464
397 201.732
398 200
399 198.268
400 196.536
401 194.804
402 193.072
403 191.34
404 189.608
405 187.876
406 186.144
407 184.412
408 182.679
409 180.947
410 179.215
411 177.483
412 175.751
413 174.019
414 172.287
415 170.555
416 168.823
417 167.091
418 165.359
419 163.627
420 161.895
421 160.163
422 158.431
423 156.699
424 154.967
425 153.235
426 151.503
427 149.771
428 148.038
429 146.306
430 144.574
431 142.842
432 141.11
433 139.378
434 137.646
435 135.914
436 134.182
437 132.45
438 130.718
439 128.986
440 127.254
441 125.522
442 123.79
443 122.058
444 120.326
445 118.594
446 116.862
447 115.13
448 113.397
449 111.665
450 109.933
451 108.201
452 106.469
453 104.737
454 103.005
455 101.273
456 99.5411
457 101.273
458 103.005
459 104.737
460 106.469
461 108.201
462 109.933
463 111.665
464 113.397
465 115.13
466 116.862
467 118.594
468 120.326
469 122.058
470 123.79
471 125.522
472 127.254
473 128.986
474 130.718
475 132.45
476 134.182
477 135.914
478 137.646
479 139.378
480 141.11
481 142.842
482 144.574
483 146.306
484 148.038
485 149.771
486 151.503
487 153.235
488 154.967
489 156.699
490 158.431
491 160.163
492 161.895
493 163.627
494 165.359
495 167.091
496 168.823
497 170.555
498 172.287
499 174.019
500 175.751
501 177.483
502 179.215
503 180.947
504 182.679
505 184.412
506 186.144
507 187.876
508 189.608
509 191.34
510 193.072
511 194.804
512 196.536
513 198.268
514 200
515 201.732
516 203.464
517 205.196
518 206.928
519 208.66
520 210.392
521 212.124
522 213.856
523 215.588
524 217.321
525 219.053
526 220.785
527 222.517
528 224.249
529 225.981
530 227.713
531 229.445
532 231.177
533 232.909
534 234.641
535 236.373
536 238.105
537 239.837
538 241.569
539 243.301
540 245.033
541 246.765
542 248.497
543 250.229
544 251.962
545 253.694
546 255.426
547 257.158
548 258.89
549 260.622
550 262.354
551 264.086
552 265.818
553 267.55
554 269.282
555 271.014
556 272.746
557 274.478
558 276.21
559 277.942
560 279.674
561 281.406
562 283.138
563 284.87
564 286.603
565 288.335
566 290.067
567 291.799
568 293.531
569 295.263
570 296.995
571 298.727
572 300.459
573 298.727
574 296.995
575 295.263
576 293.531
577 291.799
578 290.067
579 288.335
580 286.603
581 284.87
582 283.138
583 281.406
584 279.674
585 277.942
586 276.21
587 274.478
588 272.746
589 271.014
590 269.282
591 267.55
592 265.818
593 264.086
594 262.354
595 260.622
596 258.89
597 257.158
598 255.426
599 253.694
600 251.962
601 250.229
602 248.497
603 246.765
604 245.033
605 243.301
606 241.569
607 239.837
608 238.105
609 236.373
610 234.641
611 232.909
612 231.177
613 229.445
614 227.713
615 225.981
616 224.249
617 222.517
618 220.785
619 219.053
620 217.321
621 215.588
622 213.856
623 212.124
624 210.392
625 208.66
626 206.928
627 205.196
628 203.464
629 201.732
630 200
631 198.268
632 196.536
633 194.804
634 193.072
635 191.34
636 189.608
637 187.876
638 186.144
639 184.412
640 182.679
641 180.947
642 179.215
643 177.483
644 175.751
645 174.019
646 172.287
647 170.555
648 168.823
649 167.091
650 165.359
651 163.627
652 161.895
653 160.163
654 158.431
655 156.699
656 154.967
657 153.235
658 151.503
659 149.771
660 148.038
661 146.306
662 144.574
663 142.842
664 141.11
665 139.378
666 137.646
667 135.914
668 134.182
669 132.45
670 130.718
671 128.986
672 127.254
673 125.522
674 123.79
675 122.058
676 120.326
677 118.594
678 116.862
679 115.13
680 113.397
681 111.665
682 109.933
683 108.201
684 106.469
685 104.737
686 103.005
687 101.273
688 99.5411
689 101.273
690 103.005
691 104.737
692 106.469
693 108.201
694 109.933
695 111.665
696 113.397
697 115.13
698 116.862
699 118.594
700 120.326
701 122.058
702 123.79
703 125.522
704 127.254
705 128.986
706 130.718
707 132.45
708 134.182
709 135.914
710 137.646
711 139.378
712 141.11
713 142.842
714 144.574
715 146.306
716 148.038
717 149.771
718 151.503
719 153.235
720 154.967
721 156.699
722 158.431
723 160.163
724 161.895
725 163.627
726 165.359
727 167.091
728 168.823
729 170.555
730 172.287
731 174.019
732 175.751
733 177.483
734 179.215
735 180.947
736 182.679
737 184.412
738 186.144
739 187.876
740 189.608
741 191.34
742 193.072
743 194.804
744 196.536
745 198.268
746 200
747 201.732
748 203.464
749 205.196
750 206.928
751 208.66
752 210.392
753 212.124
754 213.856
755 215.588
756 217.321
757 219.053
758 220.785
759 222.517
760 224.249
761 225.981
762 227.713
763 229.445
764 231.177
765 232.909
766 234.641
767 236.373
768 238.105
769 239.837
770 241.569
771 243.301
772 245.033
773 246.765
774 248.497
775 250.229
776 251.962
777 253.694
778 255.426
779 257.158
780 258.89
781 260.622
782 262.354
783 264.086
784 265.818
785 267.55
786 269.282
787 271.014
788 272.746
789 274.478
790 276.21
791 277.942
792 279.674
793 281.406
794 283.138
795 284.87
796 286.603
797 288.335
798 290.067
799 291.799
800 293.531
801 295.263
802 296.995
803 298.727
804 300.459
805 298.727
806 296.995
807 295.263
808 293.531
809 291.799
810 290.067
811 288.335
812 286.603
813 284.87
814 283.138
815 281.406
816 279.674
817 277.942
818 276.21
819 274.478
820 272.746
821 271.014
822 269.282
823 267.55
824 265.818
825 264.086
826 262.354
827 260.622
828 258.89
829 257.158
830 255.426
831 253.694
832 251.962
833 250.229
834 248.497
835 246.765
836 245.033
837 243.301
838 241.569
839 239.837
840 238.105
841 236.373
842 234.641
843 232.909
844 231.177
845 229.445
846 227.713
847 225.981
848 224.249
849 222.517
850 220.785
851 219.053
852 217.321
853 215.588
854 213.856
855 212.124
856 210.392
857 208.66
858 206.928
859 205.196
860 203.464
861 201.732
862 200
863 198.268
864 196.536
865 194.804
866 193.072
867 191.34
868 189.608
869 187.876
870 186.144
871 184.412
872 182.679
873 180.947
874 179.215
875 177.483
876 175.751
877 174.019
878 172.287
879 170.555
880 168.823
881 167.091
882 165.359
883 163.627
884 161.895
885 160.163
886 158.431
887 156.699
888 154.967
889 153.235
890 151.503
891 149.771
892 148.038
893 146.306
894 144.574
895 142.842
896 141.11
897 139.378
898 137.646
899 135.914
900 134.182
901 132.45
902 130.718
903 128.986
904 127.254
905 125.522
906 123.79
907 122.058
908 120.326
909 118.594
910 116.862
911 115.13
912 113.397
913 111.665
914 109.933
915 108.201
916 106.469
917 104.737
918 103.005
919 101.273
920 99.5411
921 101.273
922 103.005
923 104.737
924 106.469
925 108.201
926 109.933
927 111.665
928 113.397
929 115.13
930 116.862
931 118.594
932 120.326
933 122.058
934 123.79
935 125.522
936 127.254
937 128.986
938 130.718
939 132.45
940 134.182
941 135.914
942 137.646
943 139.378
944 141.11
945 142.842
946 144.574
947 146.306
948 148.038
949 149.771
950 151.503
951 153.235
952 154.967
953 156.699
954 158.431
955 160.163
956 161.895
957 163.627
958 165.359
959 167.091
960 168.823
961 170.555
962 172.287
963 174.019
964 175.751
965 177.483
966 179.215
967 180.947
968 182.679
969 184.412
970 186.144
971 187.876
972 189.608
973 191.34
974 193.072
975 194.804
976 196.536
977 198.268
978 200
979 201.732
980 203.464
981 205.196
982 206.928
983 208.66
984 210.392
985 212.124
986 213.856
987 215.588
988 217.321
989 219.053
990 220.785
991 222.517
992 224.249
993 225.981
994 227.713
995 229.445
996 231.177
997 232.909
998 234.641
999 236.373
1000 238.105
1001 239.837
1002 241.569
1003 243.301
1004 245.033
1005 246.765
1006 248.497
1007 250.229
1008 251.962
1009 253.694
1010 255.426
1011 257.158
1012 258.89
1013 260.622
1014 262.354
1015 264.086
1016 265.818
1017 267.55
1018 269.282
1019 271.014
1020 272.746
1021 274.478
1022 276.21
1023 277.942
1024 279.674
1025 281.406
1026 283.138
1027 284.87
1028 286.603
1029 288.335
1030 290.067
1031 291.799
1032 293.531
1033 295.263
1034 296.995
1035 298.727
1036 300.459
1037 298.727
1038 296.995
1039 295.263
1040 293.531
1041 291.799
1042 290.067
1043 288.335
1044 286.603
1045 284.87
1046 283.138
1047 281.406
1048 279.674
1049 277.942
1050 276.21
1051 274.478
1052 272.746
1053 271.014
1054 269.282
1055 267.55
1056 265.818
1057 264.086
1058 262.354
1059 260.622
1060 258.89
1061 257.158
1062 255.426
1063 253.694
1064 251.962
1065 250.229
1066 248.497
1067 246.765
1068 245.033
1069 243.301
1070 241.569
1071 239.837
1072 238.105
1073 236.373
1074 234.641
1075 232.909
1076 231.177
1077 229.445
1078 227.713
1079 225.981
1080 224.249
1081 222.517
1082 220.785
1083 219.053
1084 217.321
1085 215.588
1086 213.856
1087 212.124
1088 210.392
1089 208.66
1090 206.928
1091 205.196
1092 203.464
1093 201.732
1094 200
1095 198.268
1096 196.536
1097 194.804
1098 193.072
1099 191.34
1100 189.608
1101 187.876
1102 186.144
1103 184.412
1104 182.679
1105 180.947
1106 179.215
1107 177.483
1108 175.751
1109 174.019
1110 172.287
1111 170.555
1112 168.823
1113 167.091
1114 165.359
1115 163.627
1116 161.895
1117 160.163
1118 158.431
1119 156.699
1120 154.967
1121 153.235
1122 151.503
1123 149.771
1124 148.038
1125 146.306
1126 144.574
1127 142.842
1128 141.11
1129 139.378
1130 137.646
1131 135.914
1132 134.182
1133 132.45
1134 130.718
1135 128.986
1136 127.254
1137 125.522
1138 123.79
1139 122.058
1140 120.326
1141 118.594
1142 116.862
1143 115.13
1144 113.397
1145 111.665
1146 109.933
1147 108.201
1148 106.469
1149 104.737
1150 103.005
1151 101.273
1152 99.5411
1153 101.273
1154 103.005
1155 104.737
1156 106.469
1157 108.201
1158 109.933
1159 111.665
1160 113.397
1161 115.13
1162 116.862
1163 118.594
1164 120.326
1165 122.058
1166 123.79
1167 125.522
1168 127.254
1169 128.986
1170 130.718
1171 132.45
1172 134.182
1173 135.914
1174 137.646
1175 139.378
1176 141.11
1177 142.842
1178 144.574
1179 146.306
1180 148.038
1181 149.771
1182 151.503
1183 153.235
1184 154.967
1185 156.699
1186 158.431
1187 160.163
1188 161.895
1189 163.627
1190 165.359
1191 167.091
1192 168.823
1193 170.555
1194 172.287
1195 174.019
1196 175.751
1197 177.483
1198 179.215
1199 180.947
1200 182.679
1201 184.412
1202 186.144
1203 187.876
1204 189.608
1205 191.34
1206 193.072
1207 194.804
1208 196.536
1209 198.268
1210 200
1211 201.732
1212 203.464
1213 205.196
1214 206.928
1215 208.66
1216 210.392
1217 212.124
1218 213.856
1219 215.588
1220 217.321
1221 219.053
1222 220.785
1223 222.517
1224 224.249
1225 225.981
1226 227.713
1227 229.445
1228 231.177
1229 232.909
1230 234.641
1231 236.373
1232 238.105
1233 239.837
1234 241.569
1235 243.301
1236 245.033
1237 246.765
1238 248.497
1239 250.229
1240 251.962
1241 253.694
1242 255.426
1243 257.158
1244 258.89
1245 260.622
1246 262.354
1247 264.086
1248 265.818
1249 267.55
1250 269.282
1251 271.014
1252 272.746
1253 274.478
1254 276.21
1255 277.942
1256 279.674
1257 281.406
1258 283.138
1259 284.87
1260 286.603
1261 288.335
1262 290.067
1263 291.799
1264 293.531
1265 295.263
1266 296.995
1267 298.727
1268 300.459
1269 298.727
1270 296.995
1271 295.263
1272 293.531
1273 291.799
1274 290.067
1275 288.335
1276 286.603
1277 284.87
1278 283.138
1279 281.406
1280 279.674
1281 277.942
1282 276.21
1283 274.478
1284 272.746
1285 271.014
1286 269.282
1287 267.55
1288 265.818
1289 264.086
1290 262.354
1291 260.622
1292 258.89
1293 257.158
1294 255.426
1295 253.694
1296 251.962
1297 250.229
1298 248.497
1299 246.765
1300 245.033
1301 243.301
1302 241.569
1303 239.837
1304 238.105
1305 236.373
1306 234.641
1307 232.909
1308 231.177
1309 229.445
1310 227.713
1311 225.981
1312 224.249
1313 222.517
1314 220.785
1315 219.053
1316 217.321
1317 215.588
1318 213.856
1319 212.124
1320 210.392
1321 208.66
1322 206.928
1323 205.196
1324 203.464
1325 201.732
1326 200
1327 198.268
1328 196.536
1329 194.804
1330 193.072
1331 191.34
1332 189.608
1333 187.876
1334 186.144
1335 184.412
1336 182.679
1337 180.947
1338 179.215
1339 177.483
1340 175.751
1341 174.019
1342 172.287
1343 170.555
1344 168.823
1345 167.091
1346 165.359
1347 163.627
1348 161.895
1349 160.163
1350 158.431
1351 156.699
1352 154.967
1353 153.235
1354 151.503
1355 149.771
1356 148.038
1357 146.306
1358 144.574
1359 142.842
1360 141.11
1361 139.378
1362 137.646
1363 135.914
1364 134.182
1365 132.45
1366 130.718
1367 128.986
1368 127.254
1369 125.522
1370 123.79
1371 122.058
1372 120.326
1373 118.594
1374 116.862
1375 115.13
1376 113.397
1377 111.665
1378 109.933
1379 108.201
1380 106.469
1381 104.737
1382 103.005
1383 101.273
1384 99.5411
1385 101.273
1386 103.005
1387 104.737
1388 106.469
1389 108.201
1390 109.933
1391 111.665
1392 113.397
1393 115.13
1394 116.862
1395 118.594
1396 120.326
1397 122.058
1398 123.79
1399 125.522
1400 127.254
1401 128.986
1402 130.718
1403 132.45
1404 134.182
1405 135.914
1406 137.646
1407 139.378
1408 141.11
1409 142.842
1410 144.574
1411 146.306
1412 148.038
1413 149.771
1414 151.503
1415 153.235
1416 154.967
1417 156.699
1418 158.431
1419 160.163
1420 161.895
1421 163.627
1422 165.359
1423 167.091
1424 168.823
1425 170.555
1426 172.287
1427 174.019
1428 175.751
1429 177.483
1430 179.215
1431 180.947
1432 182.679
1433 184.412
1434 186.144
1435 187.876
1436 189.608
1437 191.34
1438 193.072
1439 194.804
1440 196.536
1441 198.268
1442 200
1443 201.732
1444 203.464
1445 205.196
1446 206.928
1447 208.66
1448 210.392
1449 212.124
1450 213.856
1451 215.588
1452 217.321
1453 219.053
1454 220.785
1455 222.517
1456 224.249
1457 225.981
1458 227.713
1459 229.445
1460 231.177
1461 232.909
1462 234.641
1463 236.373
1464 238.105
1465 239.837
1466 241.569
1467 243.301
1468 245.033
1469 246.765
1470 248.497
1471 250.229
1472 251.962
1473 253.694
1474 255.426
1475 257.158
1476 258.89
1477 260.622
1478 262.354
1479 264.086
1480 265.818
1481 267.55
1482 269.282
1483 271.014
1484 272.746
1485 274.478
1486 276.21
1487 277.942
1488 279.674
1489 281.406
1490 283.138
1491 284.87
1492 286.603
1493 288.335
1494 290.067
1495 291.799
1496 293.531
1497 295.263
1498 296.995
1499 298.727
1500 300.459
1501 298.727
1502 296.995
1503 295.263
1504 293.531
1505 291.799
1506 290.067
1507 288.335
1508 286.603
1509 284.87
1510 283.138
1511 281.406
1512 279.674
1513 277.942
1514 276.21
1515 274.478
1516 272.746
1517 271.014
1518 269.282
1519 267.55
1520 265.818
1521 264.086
1522 262.354
1523 260.622
1524 258.89
1525 257.158
1526 255.426
1527 253.694
1528 251.962
1529 250.229
1530 248.497
1531 246.765
1532 245.033
1533 243.301
1534 241.569
1535 239.837
1536 238.105
1537 236.373
1538 234.641
1539 232.909
1540 231.177
1541 229.445
1542 227.713
1543 225.981
1544 224.249
1545 222.517
1546 220.785
1547 219.053
1548 217.321
1549 215.588
1550 213.856
1551 212.124
1552 210.392
1553 208.66
1554 206.928
1555 205.196
1556 203.464
1557 201.732
1558 200
1559 198.268
1560 196.536
1561 194.804
1562 193.072
1563 191.34
1564 189.608
1565 187.876
1566 186.144
1567 184.412
1568 182.679
1569 180.947
1570 179.215
1571 177.483
1572 175.751
1573 174.019
1574 172.287
1575 170.555
1576 168.823
1577 167.091
1578 165.359
1579 163.627
1580 161.895
1581 160.163
1582 158.431
1583 156.699
1584 154.967
1585 153.235
1586 151.503
1587 149.771
1588 148.038
1589 146.306
1590 144.574
1591 142.842
1592 141.11
1593 139.378
1594 137.646
1595 135.914
1596 134.182
1597 132.45
1598 130.718
1599 128.986
1600 127.254
1601 125.522
1602 123.79
1603 122.058
1604 120.326
1605 118.594
1606 116.862
1607 115.13
1608 113.397
1609 111.665
1610 109.933
1611 108.201
1612 106.469
1613 104.737
1614 103.005
1615 101.273
1616 99.5411
1617 101.273
1618 103.005
1619 104.737
1620 106.469
1621 108.201
1622 109.933
1623 111.665
1624 113.397
1625 115.13
1626 116.862
1627 118.594
1628 120.326
1629 122.058
1630 123.79
1631 125.522
1632 127.254
1633 128.986
1634 130.718
1635 132.45
1636 134.182
1637 135.914
1638 137.646
1639 139.378
1640 141.11
1641 142.842
1642 144.574
1643 146.306
1644 148.038
1645 149.771
1646 151.503
1647 153.235
1648 154.967
1649 156.699
1650 158.431
1651 160.163
1652 161.895
1653 163.627
1654 165.359
1655 167.091
1656 168.823
1657 170.555
1658 172.287
1659 174.019
1660 175.751
1661 177.483
1662 179.215
1663 180.947
1664 182.679
1665 184.412
1666 186.144
1667 187.876
1668 189.608
1669 191.34
1670 193.072
1671 194.804
1672 196.536
1673 198.268
1674 200
1675 201.732
1676 203.464
1677 205.196
1678 206.928
1679 208.66
1680 210.392
1681 212.124
1682 213.856
1683 215.588
1684 217.321
1685 219.053
1686 220.785
1687 222.517
1688 224.249
1689 225.981
1690 227.713
1691 229.445
1692 231.177
1693 232.909
1694 234.641
1695 236.373
1696 238.105
1697 239.837
1698 241.569
1699 243.301
1700 245.033
1701 246.765
1702 248.497
1703 250.229
1704 251.962
1705 253.694
1706 255.426
1707 257.158
1708 258.89
1709 260.622
1710 262.354
1711 264.086
1712 265.818
1713 267.55
1714 269.282
1715 271.014
1716 272.746
1717 274.478
1718 276.21
1719 277.942
1720 279.674
1721 281.406
1722 283.138
1723 284.87
1724 286.603
1725 288.335
1726 290.067
1727 291.799
1728 293.531
1729 295.263
1730 296.995
1731 298.727
1732 300.459
1733 298.727
1734 296.995
1735 295.263
1736 293.531
1737 291.799
1738 290.067
1739 288.335
1740 286.603
1741 284.87
1742 283.138
1743 281.406
1744 279.674
1745 277.942
1746 276.21
1747 274.478
1748 272.746
1749 271.014
1750 269.282
1751 267.55
1752 265.818
1753 264.086
1754 262.354
1755 260.622
1756 258.89
1757 257.158
1758 255.426
1759 253.694
1760 251.962
1761 250.229
1762 248.497
1763 246.765
1764 245.033
1765 243.301
1766 241.569
1767 239.837
1768 238.105
1769 236.373
1770 234.641
1771 232.909
1772 231.177
1773 229.445
1774 227.713
1775 225.981
1776 224.249
1777 222.517
1778 220.785
1779 219.053
1780 217.321
1781 215.588
1782 213.856
1783 212.124
1784 210.392
1785 208.66
1786 206.928
1787 205.196
1788 203.464
1789 201.732
1790 200
1791 198.268
1792 196.536
1793 194.804
1794 193.072
1795 191.34
1796 189.608
1797 187.876
1798 186.144
1799 184.412
1800 182.679
1801 180.947
1802 179.215
1803 177.483
1804 175.751
1805 174.019
1806 172.287
1807 170.555
1808 168.823
1809 167.091
1810 165.359
1811 163.627
1812 161.895
1813 160.163
1814 158.431
1815 156.699
1816 154.967
1817 153.235
1818 151.503
1819 149.771
1820 148.038
1821 146.306
1822 144.574
1823 142.842
1824 141.11
1825 139.378
1826 137.646
1827 135.914
1828 134.182
1829 132.45
1830 130.718
1831 128.986
1832 127.254
1833 125.522
1834 123.79
1835 122.058
1836 120.326
1837 118.594
1838 116.862
1839 115.13
1840 113.397
1841 111.665
1842 109.933
1843 108.201
1844 106.469
1845 104.737
1846 103.005
1847 101.273
1848 99.5411
1849 101.273
1850 103.005
1851 104.737
1852 106.469
1853 108.201
1854 109.933
1855 111.665
1856 113.397
1857 115.13
1858 116.862
1859 118.594
1860 120.326
1861 122.058
1862 123.79
1863 125.522
1864 127.254
1865 128.986
1866 130.718
1867 132.45
1868 134.182
1869 135.914
1870 137.646
1871 139.378
1872 141.11
1873 142.842
1874 144.574
1875 146.306
1876 148.038
1877 149.771
1878 151.503
1879 153.235
1880 154.967
1881 156.699
1882 158.431
1883 160.163
1884 161.895
1885 163.627
1886 165.359
1887 167.091
1888 168.823
1889 170.555
1890 172.287
1891 174.019
1892 175.751
1893 177.483
1894 179.215
1895 180.947
1896 182.679
1897 184.412
1898 186.144
1899 187.876
1900 189.608
1901 191.34
1902 193.072
1903 194.804
1904 196.536
1905 198.268
1906 200
1907 201.732
1908 203.464
1909 205.196
1910 206.928
1911 208.66
1912 210.392
1913 212.124
1914 213.856
1915 215.588
1916 217.321
1917 219.053
1918 220.785
1919 222.517
1920 224.249
1921 225.981
1922 227.713
1923 229.445
1924 231.177
1925 232.909
1926 234.641
1927 236.373
1928 238.105
1929 239.837
1930 241.569
1931 243.301
1932 245.033
1933 246.765
1934 248.497
1935 250.229
1936 251.962
1937 253.694
1938 255.426
1939 257.158
1940 258.89
1941 260.622
1942 262.354
1943 264.086
1944 265.818
1945 267.55
1946 269.282
1947 271.014
1948 272.746
1949 274.478
1950 276.21
1951 277.942
1952 279.674
1953 281.406
1954 283.138
1955 284.87
1956 286.603
1957 288.335
1958 290.067
1959 291.799
1960 293.531
1961 295.263
1962 296.995
1963 298.727
1964 300.459
1965 298.727
1966 296.995
1967 295.263
1968 293.531
1969 291.799
1970 290.067
1971 288.335
1972 286.603
1973 284.87
1974 283.138
1975 281.406
1976 279.674
1977 277.942
1978 276.21
1979 274.478
1980 272.746
1981 271.014
1982 269.282
1983 267.55
1984 265.818
1985 264.086
1986 262.354
1987 260.622
1988 258.89
1989 257.158
1990 255.426
1991 253.694
1992 251.962
1993 250.229
1994 248.497
1995 246.765
1996 245.033
1997 243.301
1998 241.569
1999 239.837
2000 238.105
2001 236.373
2002 234.641
2003 232.909
2004 231.177
2005 229.445
2006 227.713
2007 225.981
2008 224.249
2009 222.517
2010 220.785
2011 219.053
2012 217.321
2013 215.588
2014 213.856
2015 212.124
2016 210.392
2017 208.66
2018 206.928
2019 205.196
2020 203.464
2021 201.732
2022 200
2023 198.268
2024 196.536
2025 194.804
2026 193.072
2027 191.34
2028 189.608
2029 187.876
2030 186.144
2031 184.412
2032 182.679
2033 180.947
2034 179.215
2035 177.483
2036 175.751
2037 174.019
2038 172.287
2039 170.555
2040 168.823
2041 167.091
2042 165.359
2043 163.627
2044 161.895
2045 160.163
2046 158.431
2047 156.699
2048 154.967
2049 153.235
2050 151.503
2051 149.771
2052 148.038
2053 146.306
2054 144.574
2055 142.842
2056 141.11
2057 139.378
2058 137.646
2059 135.914
2060 134.182
2061 132.45
2062 130.718
2063 128.986
2064 127.254
2065 125.522
2066 123.79
2067 122.058
2068 120.326
2069 118.594
2070 116.862
2071 115.13
2072 113.397
2073 111.665
2074 109.933
2075 108.201
2076 106.469
2077 104.737
2078 103.005
2079 101.273
2080 99.5411
2081 101.273
2082 103.005
2083 104.737
2084 106.469
2085 108.201
2086 109.933
2087 111.665
2088 113.397
2089 115.13
2090 116.862
2091 118.594
2092 120.326
2093 122.058
2094 123.79
2095 125.522
2096 127.254
2097 128.986
2098 130.718
2099 132.45
2100 134.182
2101 135.914
2102 137.646
2103 139.378
2104 141.11
2105 142.842
2106 144.574
2107 146.306
2108 148.038
2109 149.771
2110 151.503
2111 153.235
2112 154.967
2113 156.699
2114 158.431
2115 160.163
2116 161.895
2117 163.627
2118 165.359
2119 167.091
2120 168.823
2121 170.555
2122 172.287
2123 174.019
2124 175.751
2125 177.483
2126 179.215
2127 180.947
2128 182.679
2129 184.412
2130 186.144
2131 187.876
2132 189.608
2133 191.34
2134 193.072
2135 194.804
2136 196.536
2137 198.268
2138 200
2139 201.732
2140 203.464
2141 205.196
2142 206.928
2143 208.66
2144 210.392
2145 212.124
2146 213.856
2147 215.588
2148 217.321
2149 219.053
2150 220.785
2151 222.517
2152 224.249
2153 225.981
2154 227.713
2155 229.445
2156 231.177
2157 232.909
2158 234.641
2159 236.373
2160 238.105
2161 239.837
2162 241.569
2163 243.301
2164 245.033
2165 246.765
2166 248.497
2167 250.229
2168 251.962
2169 253.694
2170 255.426
2171 257.158
2172 258.89
2173 260.622
2174 262.354
2175 264.086
2176 265.818
2177 267.55
2178 269.282
2179 271.014
2180 272.746
2181 274.478
2182 276.21
2183 277.942
2184 279.674
2185 281.406
2186 283.138
2187 284.87
2188 286.603
2189 288.335
2190 290.067
2191 291.799
2192 293.531
2193 295.263
2194 296.995
2195 298.727
2196 300.459
2197 298.727
2198 296.995
2199 295.263
2200 293.531
2201 291.799
2202 290.067
2203 288.335
2204 286.603
2205 284.87
2206 283.138
2207 281.406
2208 279.674
2209 277.942
2210 276.21
2211 274.478
2212 272.746
2213 271.014
2214 269.282
2215 267.55
2216 265.818
2217 264.086
2218 262.354
2219 260.622
2220 258.89
2221 257.158
2222 255.426
2223 253.694
2224 251.962
2225 250.229
2226 248.497
2227 246.765
2228 245.033
2229 243.301
2230 241.569
2231 239.837
2232 238.105
2233 236.373
2234 234.641
2235 232.909
2236 231.177
2237 229.445
2238 227.713
2239 225.981
2240 224.249
2241 222.517
2242 220.785
2243 219.053
2244 217.321
2245 215.588
2246 213.856
2247 212.124
2248 210.392
2249 208.66
2250 206.928
2251 205.196
2252 203.464
2253 201.732
2254 200
2255 198.268
2256 196.536
2257 194.804
2258 193.072
2259 191.34
2260 189.608
2261 187.876
2262 186.144
2263 184.412
2264 182.679
2265 180.947
2266 179.215
2267 177.483
2268 175.751
2269 174.019
2270 172.287
2271 170.555
2272 168.823
2273 167.091
2274 165.359
2275 163.627
2276 161.895
2277 160.163
2278 158.431
2279 156.699
2280 154.967
2281 153.235
2282 151.503
2283 149.771
2284 148.038
2285 146.306
2286 144.574
2287 142.842
2288 141.11
2289 139.378
2290 137.646
2291 135.914
2292 134.182
2293 132.45
2294 130.718
2295 128.986
2296 127.254
2297 125.522
2298 123.79
2299 122.058
2300 120.326
2301 118.594
2302 116.862
2303 115.13
2304 113.397
2305 111.665
2306 109.933
2307 108.201
2308 106.469
2309 104.737
2310 103.005
2311 101.273
2312 99.5411
2313 101.273
2314 103.005
2315 104.737
2316 106.469
2317 108.201
2318 109.933
2319 111.665
2320 113.397
2321 115.13
2322 116.862
2323 118.594
2324 120.326
2325 122.058
2326 123.79
2327 125.522
2328 127.254
2329 128.986
2330 130.718
2331 132.45
2332 134.182
2333 135.914
2334 137.646
2335 139.378
2336 141.11
2337 142.842
2338 144.574
2339 146.306
2340 148.038
2341 149.771
2342 151.503
2343 153.235
2344 154.967
2345 156.699
2346 158.431
2347 160.163
2348 161.895
2349 163.627
2350 165.359
2351 167.091
2352 168.823
2353 170.555
2354 172.287
2355 174.019
2356 175.751
2357 177.483
2358 179.215
2359 180.947
2360 182.679
2361 184.412
2362 186.144
2363 187.876
2364 189.608
2365 191.34
2366 193.072
2367 194.804
2368 196.536
2369 198.268
2370 200
2371 201.732
2372 203.464
2373 205.196
2374 206.928
2375 208.66
2376 210.392
2377 212.124
2378 213.856
2379 215.588
2380 217.321
2381 219.053
2382 220.785
2383 222.517
2384 224.249
2385 225.981
2386 227.713
2387 229.445
2388 231.177
2389 232.909
2390 234.641
2391 236.373
2392 238.105
2393 239.837
2394 241.569
2395 243.301
2396 245.033
2397 246.765
2398 248.497
2399 250.229
2400 251.962
2401 253.694
2402 255.426
2403 257.158
2404 258.89
2405 260.622
2406 262.354
2407 264.086
2408 265.818
2409 267.55
2410 269.282
2411 271.014
2412 272.746
2413 274.478
2414 276.21
2415 277.942
2416 279.674
2417 281.406
2418 283.138
2419 284.87
2420 286.603
2421 288.335
2422 290.067
2423 291.799
2424 293.531
2425 295.263
2426 296.995
2427 298.727
2428 300.459
2429 298.727
2430 296.995
2431 295.263
2432 293.531
2433 291.799
2434 290.067
2435 288.335
2436 286.603
2437 284.87
2438 283.138
2439 281.406
2440 279.674
2441 277.942
2442 276.21
2443 274.478
2444 272.746
2445 271.014
2446 269.282
2447 267.55
2448 265.818
2449 264.086
2450 262.354
2451 260.622
2452 258.89
2453 257.158
2454 255.426
2455 253.694
2456 251.962
2457 250.229
2458 248.497
2459 246.765
2460 245.033
2461 243.301
2462 241.569
2463 239.837
2464 238.105
2465 236.373
2466 234.641
2467 232.909
2468 231.177
2469 229.445
2470 227.713
2471 225.981
2472 224.249
2473 222.517
2474 220.785
2475 219.053
2476 217.321
2477 215.588
2478 213.856
2479 212.124
2480 210.392
2481 208.66
2482 206.928
2483 205.196
2484 203.464
2485 201.732
2486 200
2487 198.268
2488 196.536
2489 194.804
2490 193.072
2491 191.34
2492 189.608
2493 187.876
2494 186.144
2495 184.412
2496 182.679
2497 180.947
2498 179.215
2499 177.483
2500 175.751
2501 174.019
2502 172.287
2503 170.555
2504 168.823
2505 167.091
2506 165.359
2507 163.627
2508 161.895
2509 160.163
2510 158.431
2511 156.699
2512 154.967
2513 153.235
2514 151.503
2515 149.771
2516 148.038
2517 146.306
2518 144.574
2519 142.842
2520 141.11
2521 139.378
2522 137.646
2523 135.914
2524 134.182
2525 132.45
2526 130.718
2527 128.986
2528 127.254
2529 125.522
2530 123.79
2531 122.058
2532 120.326
2533 118.594
2534 116.862
2535 115.13
2536 113.397
2537 111.665
2538 109.933
2539 108.201
2540 106.469
2541 104.737
2542 103.005
2543 101.273
2544 99.5411
2545 101.273
2546 103.005
2547 104.737
2548 106.469
2549 108.201
2550 109.933
2551 111.665
2552 113.397
2553 115.13
2554 116.862
2555 118.594
2556 120.326
2557 122.058
2558 123.79
2559 125.522
2560 127.254
2561 128.986
2562 130.718
2563 132.45
2564 134.182
2565 135.914
2566 137.646
2567 139.378
2568 141.11
2569 142.842
2570 144.574
2571 146.306
2572 148.038
2573 149.771
2574 151.503
2575 153.235
2576 154.967
2577 156.699
2578 158.431
2579 160.163
2580 161.895
2581 163.627
2582 165.359
2583 167.091
2584 168.823
2585 170.555
2586 172.287
2587 174.019
2588 175.751
2589 177.483
2590 179.215
2591 180.947
2592 182.679
2593 184.412
2594 186.144
2595 187.876
2596 189.608
2597 191.34
2598 193.072
2599 194.804
2600 196.536
2601 198.268
2602 200
2603 201.732
2604 203.464
2605 205.196
2606 206.928
2607 208.66
2608 210.392
2609 212.124
2610 213.856
2611 215.588
2612 217.321
2613 219.053
2614 220.785
2615 222.517
2616 224.249
2617 225.981
2618 227.713
2619 229.445
2620 231.177
2621 232.909
2622 234.641
2623 236.373
2624 238.105
2625 239.837
2626 241.569
2627 243.301
2628 245.033
2629 246.765
2630 248.497
2631 250.229
2632 251.962
2633 253.694
2634 255.426
2635 257.158
2636 258.89
2637 260.622
2638 262.354
2639 264.086
2640 265.818
2641 267.55
2642 269.282
2643 271.014
2644 272.746
2645 274.478
2646 276.21
2647 277.942
2648 279.674
2649 281.406
2650 283.138
2651 284.87
2652 286.603
2653 288.335
2654 290.067
2655 291.799
2656 293.531
2657 295.263
2658 296.995
2659 298.727
2660 300.459
2661 298.727
2662 296.995
2663 295.263
2664 293.531
2665 291.799
2666 290.067
2667 288.335
2668 286.603
2669 284.87
2670 283.138
2671 281.406
2672 279.674
2673 277.942
2674 276.21
2675 274.478
2676 272.746
2677 271.014
2678 269.282
2679 267.55
2680 265.818
2681 264.086
2682 262.354
2683 260.622
2684 258.89
2685 257.158
2686 255.426
2687 253.694
2688 251.962
2689 250.229
2690 248.497
2691 246.765
2692 245.033
2693 243.301
2694 241.569
2695 239.837
2696 238.105
2697 236.373
2698 234.641
2699 232.909
2700 231.177
2701 229.445
2702 227.713
2703 225.981
2704 224.249
2705 222.517
2706 220.785
2707 219.053
2708 217.321
2709 215.588
2710 213.856
2711 212.124
2712 210.392
2713 208.66
2714 206.928
2715 205.196
2716 203.464
2717 201.732
2718 200
2719 198.268
2720 196.536
2721 194.804
2722 193.072
2723 191.34
2724 189.608
2725 187.876
2726 186.144
2727 184.412
2728 182.679
2729 180.947
2730 179.215
2731 177.483
2732 175.751
2733 174.019
2734 172.287
2735 170.555
2736 168.823
2737 167.091
2738 165.359
2739 163.627
2740 161.895
2741 160.163
2742 158.431
2743 156.699
2744 154.967
2745 153.235
2746 151.503
2747 149.771
2748 148.038
2749 146.306
2750 144.574
2751 142.842
2752 141.11
2753 139.378
2754 137.646
2755 135.914
2756 134.182
2757 132.45
2758 130.718
2759 128.986
2760 127.254
2761 125.522
2762 123.79
2763 122.058
2764 120.326
2765 118.594
2766 116.862
2767 115.13
2768 113.397
2769 111.665
2770 109.933
2771 108.201
2772 106.469
2773 104.737
2774 103.005
2775 101.273
2776 99.5411
2777 101.273
2778 103.005
2779 104.737
2780 106.469
2781 108.201
2782 109.933
2783 111.665
2784 113.397
2785 115.13
2786 116.862
2787 118.594
2788 120.326
2789 122.058
2790 123.79
2791 125.522
2792 127.254
2793 128.986
2794 130.718
2795 132.45
2796 134.182
2797 135.914
2798 137.646
2799 139.378
2800 141.11
2801 142.842
2802 144.574
2803 146.306
2804 148.038
2805 149.771
2806 151.503
2807 153.235
2808 154.967
2809 156.699
2810 158.431
2811 160.163
2812 161.895
2813 163.627
2814 165.359
2815 167.091
2816 168.823
2817 170.555
2818 172.287
2819 174.019
2820 175.751
2821 177.483
2822 179.215
2823 180.947
2824 182.679
2825 184.412
2826 186.144
2827 187.876
2828 189.608
2829 191.34
2830 193.072
2831 194.804
2832 196.536
2833 198.268
2834 200
2835 201.732
2836 203.464
2837 205.196
2838 206.928
2839 208.66
2840 210.392
2841 212.124
2842 213.856
2843 215.588
2844 217.321
2845 219.053
2846 220.785
2847 222.517
2848 224.249
2849 225.981
2850 227.713
2851 229.445
2852 231.177
2853 232.909
2854 234.641
2855 236.373
2856 238.105
2857 239.837
2858 241.569
2859 243.301
2860 245.033
2861 246.765
2862 248.497
2863 250.229
2864 251.962
2865 253.694
2866 255.426
2867 257.158
2868 258.89
2869 260.622
2870 262.354
2871 264.086
2872 265.818
2873 267.55
2874 269.282
2875 271.014
2876 272.746
2877 274.478
2878 276.21
2879 277.942
2880 279.674
2881 281.406
2882 283.138
2883 284.87
2884 286.603
2885 288.335
2886 290.067
2887 291.799
2888 293.531
2889 295.263
2890 296.995
2891 298.727
2892 300.459
2893 298.727
2894 296.995
2895 295.263
2896 293.531
2897 291.799
2898 290.067
2899 288.335
2900 286.603
2901 284.87
2902 283.138
2903 281.406
2904 279.674
2905 277.942
2906 276.21
2907 274.478
2908 272.746
2909 271.014
2910 269.282
2911 267.55
2912 265.818
2913 264.086
2914 262.354
2915 260.622
2916 258.89
2917 257.158
2918 255.426
2919 253.694
2920 251.962
2921 250.229
2922 248.497
2923 246.765
2924 245.033
2925 243.301
2926 241.569
2927 239.837
2928 238.105
2929 236.373
2930 234.641
2931 232.909
2932 231.177
2933 229.445
2934 227.713
2935 225.981
2936 224.249
2937 222.517
2938 220.785
2939 219.053
2940 217.321
2941 215.588
2942 213.856
2943 212.124
2944 210.392
2945 208.66
2946 206.928
2947 205.196
2948 203.464
2949 201.732
2950 200
2951 198.268
2952 196.536
2953 194.804
2954 193.072
2955 191.34
2956 189.608
2957 187.876
2958 186.144
2959 184.412
2960 182.679
2961 180.947
2962 179.215
2963 177.483
2964 175.751
2965 174.019
2966 172.287
2967 170.555
2968 168.823
2969 167.091
2970 165.359
2971 163.627
2972 161.895
2973 160.163
2974 158.431
2975 156.699
2976 154.967
2977 153.235
2978 151.503
2979 149.771
2980 148.038
2981 146.306
2982 144.574
2983 142.842
2984 141.11
2985 139.378
2986 137.646
2987 135.914
2988 134.182
2989 132.45
2990 130.718
2991 128.986
2992 127.254
2993 125.522
2994 123.79
2995 122.058
2996 120.326
2997 118.594
2998 116.862
2999 115.13
3000 113.397
3001 111.665
3002 109.933
3003 108.201
3004 106.469
3005 104.737
3006 103.005
3007 101.273
3008 99.5411
3009 101.273
3010 103.005
3011 104.737
3012 106.469
3013 108.201
3014 109.933
3015 111.665
3016 113.397
3017 115.13
3018 116.862
3019 118.594
3020 120.326
3021 122.058
3022 123.79
3023 125.522
3024 127.254
3025 128.986
3026 130.718
3027 132.45
3028 134.182
3029 135.914
3030 137.646
3031 139.378
3032 141.11
3033 142.842
3034 144.574
3035 146.306
3036 148.038
3037 149.771
3038 151.503
3039 153.235
3040 154.967
3041 156.699
3042 158.431
3043 160.163
3044 161.895
3045 163.627
3046 165.359
3047 167.091
3048 168.823
3049 170.555
3050 172.287
